uzem	id	d_proba_N	d_proba_hibaN	abrasor	abraanalogia	kezugyesseg_vonal	kezugyesseg_pont
ventilátor	v1	441	77	5	7	0,920	0,948
ventilátor	v2	370	174	5	4	0,855	0,844
ventilátor	v3	370	69	5	5	0,714	0,540
ventilátor	v4	348	34	8	6	0,967	0,982
ventilátor	v5	521	53	7	10	1,000	0,960
ventilátor	v6	445	29	7	9	0,972	0,971
ventilátor	v7	557	88	10	7	0,949	0,883
ventilátor	v8	400	50	9	8	0,947	0,953
ventilátor	v9	618	114	5	9	0,952	0,957
ventilátor	v10	543	121	6	8	0,929	0,988
ventilátor	v11	545	100	6	4	0,921	0,991
ventilátor	v12	568	179	4	5	0,939	0,886
ventilátor	v13	560	135	8	9	0,982	0,902
ventilátor	v14	548	215	4	6	0,983	0,810
ventilátor	v15	499	150	5	8	0,983	0,989
ventilátor	v16	574	267	3	6	0,860	0,905
ventilátor	v17	447	59	4	9	0,927	0,868
ventilátor	v18	523	34	9	9		0,935
ventilátor	v19	573	75	8	10	0,929	0,933
ventilátor	v20	499	98	1	2	0,970	0,835
ventilátor	v21	438	98	2	6		0,657
ventilátor	v22	613	233	4	4	0,875	0,904
ventilátor	v23	427	157	2	4	0,911	0,750
ventilátor	v24	323	45	4	5	0,722	0,917
ventilátor	v25	638	124	3	8	0,844	0,744
ventilátor	v26	495	130	5	7	0,870	0,845
ventilátor	v27	479	38	5	10	0,973	1,000
ventilátor	v28	317	30	6	6	0,953	0,989
ventilátor	v29	636	54	8	8	0,933	0,939
ventilátor	v30	488	148	6	7		0,957
ventilátor	v31	439	48	7	4	0,916	0,896
ventilátor	v32	449	93	2	3	0,868	0,842
ventilátor	v33	392	173	3	7	0,927	0,961
ventilátor	v34	567	118	3	4	0,980	0,965
ventilátor	v35	468	45	5	4	0,961	0,954
ventilátor	v36	470	81	3	7	0,973	0,972
ventilátor	v37	453	49	6	5	0,950	0,865
ventilátor	v38	454	54	9	8	1,000	0,983
ventilátor	v39	591	138	6	8	0,806	0,928
ventilátor	v40	476	133	7	7	0,987	1,000
ventilátor	v41	254	3	7	8	0,989	0,919
ventilátor	v42	468	38	9	9	0,943	0,905
ventilátor	v43	639	121	8	10	0,988	0,986
ventilátor	v44	449	48	7	9	0,944	0,904
ventilátor	v45	464	92	9	8	0,849	0,638
ventilátor	v46	519	149	7	6	0,811	0,807
ventilátor	v47	529	142	6	8	0,911	0,938
ventilátor	v48	631	99	8	7	0,944	0,897
ventilátor	v49	575	204	5	8	0,629	0,762
ventilátor	v50	605	151	9	3	0,820	0,869
ventilátor	v51	470	54	2	8	0,788	0,814
ventilátor	v52	509	138	2	9	0,893	0,915
ventilátor	v53	603	143	2	5	0,774	0,875
ventilátor	v54	365	56	3	5	0,900	0,924
ventilátor	v55	380	132	3	4	0,899	0,914
ventilátor	v56	545	7	4	8	0,957	0,922
ventilátor	v57	548	58	8	8	0,981	0,928
ventilátor	v58	433	36	9	10	0,868	0,867
ventilátor	v59	591	74	10	8	0,967	0,878
ventilátor	v60	422	21	9	9	0,944	0,921
ventilátor	v61	524	71	8	9	0,958	0,867
ventilátor	v62	361	130	4	6	0,818	0,848
ventilátor	v63	374	12	6	10	1,000	1,000
ventilátor	v64	326	23	7	9	1,000	0,944
ventilátor	v65	629	114	6	8	0,856	0,950
ventilátor	v66	397	60	2	5	0,808	0,855
ventilátor	v67	327	124	4	8	0,986	0,902
ventilátor	v68	418	10	9	10	0,917	0,947
ventilátor	v69	425	107	6	7	0,880	0,707
ventilátor	v70	477	74	7	6	0,923	0,924
ventilátor	v71	332	109	6	4	0,911	0,647
ventilátor	v72	525	72	7	9	0,933	0,876
ventilátor	v73	427	49	8	9	0,971	0,915
ventilátor	v74	532	138	8	9	0,941	0,885
ventilátor	v75	499	85	7	9	0,855	0,849
ventilátor	v76	526	124	3	5	0,956	0,744
ventilátor	v77	532	57	4	2		-0,727
ventilátor	v78	486	184	8	4	0,860	0,861
ventilátor	v79	502	36	8	7	0,981	0,933
ventilátor	v80	494	124	3	3	0,786	0,915
ventilátor	v81	428	24	2	7	0,870	0,905
ventilátor	v82	205	54	2	6	0,714	0,500
ventilátor	v83	528	213	2	5	0,756	0,917
ventilátor	v84	514	95	8	5	0,872	0,790
ventilátor	v85	438	111	5	5	0,820	0,934
ventilátor	v86	553	11	10	10	0,914	0,886
ventilátor	v87	363	12	7	8	0,956	0,990
ventilátor	v88	557	176	7	7	0,667	0,780
ventilátor	v89	329	108	7	8	0,889	0,769
ventilátor	v90	623	150	9	9	0,878	0,869
ventilátor	v91	414	19	10	9	0,944	0,894
ventilátor	v92	574	107	8	10	0,963	0,917
ventilátor	v93	449	92	6	8	0,588	0,980
ventilátor	v94	519	45	8	7	0,827	0,954
ventilátor	v95	431	60	7	6	0,729	0,766
ventilátor	v96	276	49	7	4	0,829	0,914
ventilátor	v97	448	88	9	5	0,923	0,971
ventilátor	v98	373	32	8	9	1,000	0,984
ventilátor	v99	371	126	7	8	0,984	0,816
ventilátor	v100	499	31	9	5	0,944	0,952
ventilátor	v101	523	109	8	3	0,868	0,772
ventilátor	v102	411	74	8	6	0,722	0,514
ventilátor	v103	435	50	7	8	0,840	0,872
ventilátor	v104	565	95	9	8	0,880	0,939
ventilátor	v105	658	42	5	7	0,911	0,883
ventilátor	v106	454	90	5	5	0,904	0,839
ventilátor	v107	532	15	7	9		0,921
ventilátor	v108	578	104	8	9	0,800	0,906
ventilátor	v109	519	92	8	9	0,911	0,967
ventilátor	v110	618	187	7	7	0,844	0,833
ventilátor	v111	586	58	9	9	0,889	0,978
ventilátor	v112	619	74	9	8	0,989	0,869
Papst	p1	537	86	7	9	0,956	0,972
Papst	p2	563	54	10	10	0,966	0,986
Papst	p3	326	85	10	9	0,893	0,745
Papst	p4	602	24	10	10	1,000	0,966
Papst	p5	560	113	5	6	0,966	0,973
Papst	p6	505	184	6	6	0,983	1,000
Papst	p7	235	36	9	8	1,000	0,991
Papst	p8	465	38	9	8	0,988	0,974
Papst	p9	456	167	8	9	0,981	0,776
Papst	p10	387	19	9	10	0,978	1,000
Papst	p11	452	34	8	10	0,983	0,890
Papst	p12	420	115	9	6	0,984	1,000
Papst	p13	622	85	8	9	0,889	0,975
Papst	p14	520	38	7	8	0,976	0,982
Papst	p15	517	95	6	9	0,892	0,968
Papst	p16	478	63	7	8	0,926	0,911
Papst	p17	529	133	6	6	1,000	1,000
Papst	p18	528	57	6	7	0,889	0,945
Papst	p19	590	145	7	6	0,954	1,000
Papst	p20	570	142	5	8	1,000	0,989
Papst	p21	370	21	8	8	0,933	0,969
Papst	p22	557	171	6	7	0,933	0,979
Papst	p23			7	10	0,980	1,000
Papst	p24	440	66	5	4	1,000	0,988
Papst	p25	384	35	5	7	0,967	0,973
Papst	p26	555	72	6	6	0,967	0,927
Papst	p27	450	28	5	8	1,000	1,000
Papst	p28	640	127	6	7	0,978	0,968
Papst	p29	433	37	10	9	0,967	0,983
Papst	p30	545	30	10	10	0,922	0,925
Papst	p31	391	21	10	8	0,878	0,956
Papst	p32	483	105	4	5	0,985	0,947
Papst	p33	304	25	6	7	0,956	0,948
Papst	p34	597	166	5	9	0,967	0,884
Papst	p35	578	118	6	7	0,922	0,931
Papst	p36	394	31	6	6	1,000	0,965
Papst	p37	501	68	7	1	0,956	0,959
Papst	p38	453	28	8	7	0,911	0,850
Papst	p39	587	102	7	8	0,867	0,933
Papst	p40	422	17	9	9	0,960	0,972
Papst	p41	526	123	5	9	0,922	0,924
Papst	p42	445	118	3	3	0,956	0,877
Papst	p43	379	30	5	7	0,982	0,988
Papst	p44	540	170	5	5	0,957	0,978
Papst	p45			4	6	0,933	0,667
Papst	p46	446	79	7	7	0,955	0,964
Papst	p47	500	109	5	8	0,956	0,967
Papst	p48	315	11	6	8	0,989	0,933
Papst	p49	353	39	5	5	0,957	0,924
Papst	p50			2	3	0,909	0,933
Papst	p51	528	50	10	9	0,989	0,968
Papst	p52	650	81	9	10	0,967	0,985
Papst	p53	610	75	8	9	0,953	0,971
Papst	p54	550	112	4	5	0,855	0,994
Papst	p55	634	220	3	7	0,950	0,965
Papst	p56			2	6	0,833	0,941
Papst	p57	501	177	4	5	0,867	0,950
Papst	p58	569	187	1	1	0,944	0,942
Papst	p59	542	100	4	4	1,000	0,979
Papst	p60	572	118	4	7	0,951	0,975
Papst	p61	584	155	6	8	0,973	0,951
Papst	p62	613	72	7	8	0,989	0,914
Papst	p63	605	157	6	7	1,000	0,955
Papst	p64	600	141	8	8	0,983	0,972
Papst	p65	515	154	2	5	0,978	0,981
Papst	p66	391	66	6	6	0,800	0,883
Papst	p67	389	89	4	6	0,825	0,886
Papst	p68	375	126	0	4	0,778	0,852
Papst	p69	222	90	3	7	0,644	0,714
Papst	p70	469	45	5	8	1,000	0,980
Papst	p71	578	114	4	6	0,939	0,911
Papst	p72	649	158	3	5	0,900	0,943
Papst	p73	557	93	8	6	0,825	0,900
Papst	p74	611	77	9	8	0,978	0,936
Papst	p75	592	175	2	6	0,800	0,909
Papst	p76	233	77	7	9	0,424	0,667
Papst	p77	604	190	4	3	0,850	0,902
Papst	p78	570	103	5	5	0,889	0,869
Papst	p79	405	46	5	5	0,914	0,978
Papst	p80	509	47	10	10	0,957	0,908
Papst	p81	501	5	10	10	0,956	0,918
Papst	p82	496	84	9	6	0,786	0,942
Papst	p83	492	47	9	6	0,940	0,953
Papst	p84	459	72	9	5	0,867	0,950
Papst	p85	518	160	5	8	0,905	0,895
Papst	p86	514	103	7	9	0,911	0,876
Papst	p87	559	152	8	9	0,938	0,933
Papst	p88	450	93	5	6	0,744	0,800
Papst	p89	534	163	6	7	0,827	0,882
Papst	p90	322	26	5	7	0,967	0,905
Papst	p91	509	53	8	8	0,917	0,953
Papst	p92	447	71	7	8	0,900	0,978
Papst	p93	494	66	10	8		0,935
Papst	p94	640	110	10	7	0,882	0,897
Papst	p95	548	166	1	5	0,923	0,795
Papst	p96	565	184	3	5	0,611	0,827
Papst	p97	627	82	7	8	0,983	0,968
Papst	p98	396	39	8	9	0,938	0,936
Papst	p99	506	91	7	6	0,967	0,951
Papst	p100	433	76	7	8	0,982	0,945
Papst	p101	356	54	7	6	0,916	0,988
Papst	p102	361	48	8	9	0,856	0,932
Papst	p103	381	42	9	10	0,942	0,955
Papst	p104	590	74	9	9	0,957	0,968
Papst	p105	515	51	8	10	0,894	0,939
Papst	p106	518	78	9	9	0,987	0,944
Papst	p107	535	192	4	6	0,932	0,858
Papst	p108	594	10	9	10	0,984	0,982
Papst	p109	522	89	7	7	0,958	0,981
Papst	p110	389	84	7	8	0,985	0,976
Papst	p111	380	29	9	9	0,956	0,976
Papst	p112	557	99	9	9	0,900	0,944
Papst	p113	566	84	7	8	0,929	0,939
Papst	p114	557	101	7	9	0,983	0,970
Papst	p115	520	68	9	8	0,917	0,980
Papst	p116	463	22	10	10	1,000	0,950
Papst	p117	477	92	8	7	0,986	0,960
Papst	p118	615	153	8	6	0,547	0,926
Papst	p119	546	87	10	8	1,000	0,980
Papst	p120	522	127	6	5	0,871	1,000
Papst	p121	628	114	7	10	0,981	1,000
Papst	p122	492	114	2	2	0,960	0,981
Papst	p123	454	165	3	7	0,933	0,992
Papst	p124	463	62	6	7	0,918	0,953
Papst	p125	367	138	5	5	0,875	0,879
Papst	p126	345	53	8	7	0,918	0,965
EBM	e1	586	246	0	0	0,971	1,000
EBM	e2	448	92	8	7	0,856	0,970
EBM	e3	573	76	5	7	0,811	0,853
EBM	e4	638	149	6	8	0,933	0,885
EBM	e5	518	195	5	6	0,700	0,861
EBM	e6	338	25	8	6	0,955	0,981
EBM	e7	417	19	5	6	0,944	0,951
EBM	e8	457	63	5	6	0,889	0,949
EBM	e9	581	174	4	6	0,812	0,875
EBM	e10	454	71	1	6	0,911	0,933
EBM	e11	323	116	5	4	0,797	0,865
EBM	e12	415	113	7	8	0,844	0,982
EBM	e13	508	112	4	7	0,911	0,950
EBM	e14	551	72	7	8	0,967	0,953
EBM	e15	344	63	0	4	0,957	0,938
EBM	e16	510	20	8	9	0,878	0,931
EBM	e17	602	89	9	8	0,956	0,870
EBM	e18	557	100	4	8	0,893	0,957
EBM	e19	319	115	7	6	0,810	0,984
EBM	e20	416	26	5	5	0,978	1,000
EBM	e21	471	83	7	8	0,928	0,959
EBM	e22	396	31	6	9	1,000	0,932
EBM	e23	379	34	7	7	0,822	0,894
EBM	e24	408	32	8	6	0,972	1,000
EBM	e25	383	105	8	5	0,964	0,976
EBM	e26	376	101	6	6	0,967	0,963
EBM	e27	365	36	7	8	0,969	0,973
EBM	e28	490	115	6	9	0,947	0,981
EBM	e29	431	93	5	3	0,965	0,901
EBM	e30	515	128	4	7	0,860	0,868
EBM	e31	612	146	4	5	0,578	0,877
EBM	e32	647	30	7	9	0,986	0,983
EBM	e33	523	150	3	1		0,913
EBM	e34	509	90	3	6	0,900	0,884
EBM	e35	473	51	5	5	0,773	0,859
EBM	e36	582	168	1	1	0,878	0,973
EBM	e37	574	64	9	10	1,000	0,822
EBM	e38	658	50	9	9	0,944	0,961
EBM	e39	454	25	3	8	0,798	0,802
EBM	e40	430	9	7	10		0,915
EBM	e41	631	86	5	9	0,933	0,789
EBM	e42	575	35	10	9	0,721	0,922
EBM	e43	594	64	10	9	0,857	0,948
EBM	e44	586	130	10	10	0,918	1,000
EBM	e45	644	62	5	9	0,960	0,824
EBM	e46	488	68	5	8	0,511	0,721
EBM	e47	558	173	4	9	0,865	0,835
EBM	e48	571	161	4	3	0,767	0,835
EBM	e49	589	109	3	5	0,850	0,853
EBM	e50	616	230	0	0	0,827	0,883
EBM	e51	347	83	2	4	0,933	0,838
EBM	e52	553	28	10	9	0,882	0,842
EBM	e53	658	31	9	10	0,987	0,943
EBM	e54	502	29	8	8	0,970	0,897
EBM	e55	410	7	8	9	0,945	0,942
EBM	e56	468	23	5	1	0,867	0,899
EBM	e57	615	30	5	8	0,962	0,912
EBM	e58	495	37	5	5	1,000	0,933
EBM	e59	421	89	4	4	0,933	0,930
EBM	e60	648	74	8	9	0,904	0,967
EBM	e61	604	111	8	9	0,833	0,950
EBM	e62	584	90	8	8	0,931	0,844
EBM	e63	323	43	1	3	0,933	0,941
EBM	e64	616	155	2	5	0,800	0,986
EBM	e65	497	80	9	9	0,933	0,861
EBM	e66	423	36	7	9	0,883	0,900
EBM	e67	421	15	9	8	0,978	0,900
EBM	e68	602	154	5	6	0,889	0,903
EBM	e69	576	175	4	7	0,756	0,803
EBM	e70	520	38	6	8	0,862	0,773
EBM	e71	566	212	6	7	0,778	0,747
EBM	e72	564	33	6	7	0,822	0,750
EBM	e73	458	36	8	10	0,926	0,936
EBM	e74	355	74	6	8	0,882	0,963
EBM	e75	623	54	4	10	0,938	0,962
EBM	e76	503	145	7	6	0,957	0,963
EBM	e77	553	129	5	10	0,863	0,963
EBM	e78	459	38	5	10	0,871	0,933
EBM	e79	480	16	6	10	0,983	1,000
EBM	e80	352	29	8	9	0,986	0,985
EBM	e81	595	198	7	9	0,975	0,981
EBM	e82	562	109	5	7	0,864	0,925
EBM	e83	533	180	5	5	0,864	0,976
EBM	e84	412	30	6	8	0,876	0,961
EBM	e85	515	40	4	8	0,875	0,878
EBM	e86	484	116	4	5	0,517	0,705
EBM	e87	482	44	4	5	0,923	0,924
EBM	e88	436	23	4	7	0,973	0,948
EBM	e89	325	109	0	2	0,676	0,944
EBM	e90	423	28	1	4	0,981	0,990
EBM	e91	632	201	3	5	0,960	0,889
EBM	e92	503	142	2	6	0,934	0,954
EBM	e93	468	178	7	5	1,000	0,990
EBM	e94	616	85	7	7	1,000	0,987
EBM	e95	284	60	4	3	0,817	0,960
EBM	e96	605	107	9	9	0,833	0,917
EBM	e97	600	113	7	7	1,000	0,861
EBM	e98	569	187	6	6	0,933	0,883
EBM	e99	605	151	3	5	0,960	0,941
EBM	e100	586	117	5	8	0,643	0,926
EBM	e101	649	103	4	8	0,882	0,964
EBM	e102	542	94	4	5	0,880	0,952
EBM	e103	601	198	1	6	0,656	0,950
EBM	e104	482	99	4	10	0,944	0,894
EBM	e105	555	31	6	8	0,822	1,000
EBM	e106	610	64	7	9	0,935	0,896
EBM	e107	609	172	6	5	0,963	0,936
EBM	e108	429	50	6	6	0,987	0,982
EBM	e109	379	10	7	7	0,944	0,965
EBM	e110	454	40	6	6	0,940	0,933
EBM	e111	525	168	6	6	0,900	0,926
EBM	e112	487	158	4	5	0,861	0,856
EBM	e113	500	47	9	10	0,971	0,973
EBM	e114	449	71	8	10	0,867	0,935
EBM	e115	602	45	6	9	0,978	0,942
EBM	e116	401	24	7	7	0,856	0,993
EBM	e117	353	38	6	8	0,902	0,979
EBM	e118	456	25	6	9	0,984	1,000
EBM	e119	428	49	5	8	0,950	1,000
EBM	e120	442	20	9	9	0,856	0,958
EBM	e121	471	36	10	10	0,911	0,991
EBM	e122	428	5	6	9	0,984	1,000
EBM	e123	256	17	8	9	0,881	0,948
EBM	e124	376	43	3	7	0,793	0,977
EBM	e125	558	179	3	6	0,950	0,988
EBM	e126	92	30	3	3	0,578	0,637
EBM	e127	469	76	1	7	0,812	0,963
EBM	e128	510	122	1	7	0,867	1,000
EBM	e129	421	63	3	7	0,840	0,971
EBM	e130	427	129	6	6	0,591	0,964
EBM	e131	456	73	8	7	0,844	0,979
EBM	e132	638	28	9	9	0,889	0,972
EBM	e133	555	155	6	7	0,933	0,982
EBM	e134	643	38	9	8	0,942	0,933
EBM	e135	542	149	5	9	0,880	0,917
EBM	e136	461	17	9	10	1,000	1,000
EBM	e137	376	61	9	10	0,863	0,952
Tapolca	t1	491	4	8	9	0,982	1,000
Tapolca	t2	526	47	6	6	1,000	1,000
Tapolca	t3	457	37	5	10	0,988	0,893
Tapolca	t4	393	26	9	7	0,960	0,949
Tapolca	t5	359	26	8	9	1,000	0,979
Tapolca	t6	392	30	8	9	0,979	1,000
Tapolca	t7	464	60	2	9	0,981	0,924
Tapolca	t8	597	113	5	10	0,811	0,963
Tapolca	t9	329	99	3	4	1,000	0,911
Tapolca	t10	486	28	5	10	0,956	0,939
Tapolca	t11	413	49	9	4	0,981	1,000
Tapolca	t12	492	164	3	4	0,978	1,000
Tapolca	t13	614	182	4	2	0,974	0,989
Tapolca	t14	636	49	9	9	1,000	0,991
Tapolca	t15	624	72	9	10	0,972	0,957
Tapolca	t16	460	16	9	9	1,000	1,000
Tapolca	t17	484	26	5	6	1,000	1,000
Tapolca	t18	647	142	5	8	1,000	1,000
Tapolca	t19	256	39	4	7	0,943	1,000
Tapolca	t20			7	8	0,989	0,994
Tapolca	t21	570	167	7	7	1,000	0,994
Tapolca	t22	476	56	8	10	0,958	1,000
Tapolca	t23	618	53	9	7	0,956	0,994
Tapolca	t24	568	51	2	5	1,000	1,000
Tapolca	t25	408	105	2	1	0,962	1,000
Tapolca	t26	308	59	5	9	1,000	1,000
Tapolca	t27	595	144	6	7	1,000	0,993
Tapolca	t28	432	25	9	8	1,000	1,000
Tapolca	t29	262	18	7	6	1,000	1,000
Tapolca	t30	400	22	5	8	1,000	1,000
Tapolca	t31	375	38	10	10	1,000	1,000
Tapolca	t32	647	144	4	8	0,967	0,988
Tapolca	t33	473	73	4	8	0,976	1,000
Tapolca	t34	491	126	9	7	0,989	1,000
Tapolca	t35	263	9	8	9	1,000	1,000
Tapolca	t36	419	24	5	10	1,000	1,000
Tapolca	t37	393	159	5	8	0,980	1,000
Tapolca	t38	353	49	5	1	1,000	0,958
Tapolca	t39	615	201	6	8	0,985	1,000
Tapolca	t40	402	93	3	3	1,000	1,000
Tapolca	t41	441	78	7	8	1,000	0,970
Tapolca	t42	504	54	9	9	0,985	0,992
Tapolca	t43	492	54	6	8	1,000	1,000
Tapolca	t44	604	231	6	5	1,000	0,990
Tapolca	t45	574	185	5	6	1,000	1,000
Tapolca	t46	615	239	6	5	1,000	1,000
Tapolca	t47	397	60	6	9	1,000	0,987
Tapolca	t48	416	17	7	8	1,000	1,000
Tapolca	t49	486	74	7	10	0,800	0,761
Tapolca	t50	364	10	5	6	0,792	0,900
Tapolca	t51			2	3	0,822	0,830
Tapolca	t52	581	207	0	3		
Tapolca	t53	459	34	6	8	0,931	0,861
Tapolca	t54	459	51	4	8	0,933	0,892
Tapolca	t55	300	14	5	6	0,911	0,830
Tapolca	t56	504	8	4	9	0,989	0,943
Tapolca	t57	561	26	7	9	1,000	0,960
Tapolca	t58	334	33	5	7	0,978	0,931
Tapolca	t59	475	7	7	10	0,988	0,960
Tapolca	t60	499	60	8	7	0,833	0,933
Tapolca	t61	518	23	7	10	0,974	0,860
Tapolca	t62	459	117	9	7	0,956	0,881
Tapolca	t63	380	12	8	8	0,871	0,929
Tapolca	t64	354	22	7	7	0,947	0,920
Tapolca	t65	449	40	7	7	0,988	0,964
Tapolca	t66	517	23	3	5	0,940	0,937
Tapolca	t67	545	92	3	2	0,978	0,971
Tapolca	t68	426	10	8	10	0,966	0,982
Tapolca	t69	466	149	2	1	0,956	0,900
Tapolca	t70	496	13	6	8	0,967	0,994
Tapolca	t71	418	15	9	7	0,700	0,829
Tapolca	t72	492	170	3	5	0,844	0,900
Tapolca	t73	573	41	8	8	0,933	0,988
Tapolca	t74	281	11	4	6	0,855	0,953
Tapolca	t75	500	50	5	8	0,956	0,965
Tapolca	t76	484	63	6	9	0,986	0,914
Tapolca	t77	417	34	8	6	0,908	0,781
Tapolca	t78	388	7	6	10	1,000	1,000
Tapolca	t79	423	56	3	5	1,000	1,000
Tapolca	t80	340	73	6	6	1,000	1,000
Tapolca	t81	515	25	7	9	0,989	0,962
Tapolca	t82	422	20	6	8	1,000	0,994
Tapolca	t83	461	153	1	3	0,750	0,958
Tapolca	t84	577	30	5	8	1,000	0,961
Tapolca	t85	505	24	7	9	0,967	1,000
Tapolca	t86	306	56	6	6	0,856	0,981
Tapolca	t87	605	23	8	9	0,979	1,000
Tapolca	t88	478	7	7	10	0,983	0,973
Tapolca	t89	375	18	5	5	1,000	1,000
Tapolca	t90	540	22	7	9	1,000	0,979
Tapolca	t91	527	70	4	7	0,976	0,833
Tapolca	t92	444	49	8	9	0,987	0,989
Tapolca	t93	506	49	6	6	0,989	0,994
Tapolca	t94	608	33	8	10	0,975	0,934
Tapolca	t95	371	47	7	7	0,953	0,975
Tapolca	t96	450	6	5	8	0,933	1,000
Tapolca	t97	246	16	5	9	0,960	0,986
Tapolca	t98	310	29	7	10	1,000	1,000
Tapolca	t99	497	76	6	9	0,967	0,968
Tapolca	t100	446	11	9	10	1,000	0,991
Tapolca	t101	587	129	7	5	0,933	0,947
Tapolca	t102	620	122	3	8	1,000	0,969
Tapolca	t103	340	10	7	8	0,956	1,000
Tapolca	t104	600	144	4	7	0,944	0,983
Tapolca	t105	651	198	6	6	0,889	0,867
Tapolca	t106	510	122	5	7	0,978	1,000
Tapolca	t107	215	19	7	10	0,944	0,979
Tapolca	t108	637	9	7	8	0,973	1,000
Tapolca	t109	363	45	4	9	0,973	0,908
Tapolca	t110	535	84	2	10	0,978	0,972
Tapolca	t111	534	145	8	7	0,986	1,000
Tapolca	t112	426	14	6	9	0,922	0,980
Tapolca	t113	575	176	5	10	0,989	0,991
Tapolca	t114	556	117	7	10	0,917	0,990
Tapolca	t115	658	68	4	10	0,978	1,000
Tapolca	t116	519	14	8	10	0,978	1,000
Tapolca	t117	407	81	5	10	0,989	0,986
Tapolca	t118	377	67	4	8	0,989	0,987
Tapolca	t119	484	142	4	9	0,922	0,960
Tapolca	t120	619	170	0	0	0,867	0,984
Tapolca	t121	412	9	8	9	0,989	0,994
Tapolca	t122	473	23	4	9	0,956	0,961
Tapolca	t123	486	68	5	6	0,967	0,967
Tapolca	t124	625	106	4	8	0,956	0,959
Tapolca	t125	322	38	9	10	1,000	0,993
Tapolca	t126	236	18	6	5	0,956	0,927
Tapolca	t127	449	38	6	10	0,914	0,770
Tapolca	t128	491	59	4	8	0,907	0,924
Tapolca	t129	429	80	8	7	0,987	0,992
Tapolca	t130	440	158	5	4		
Tapolca	t131	640	141	5	5	0,952	0,962
Tapolca	t132	412	127	0	5		0,911
Tapolca	t133	467	111	5	6	0,938	0,963
Tapolca	t134	650	138	6	6	0,956	0,933
Tapolca	t135	419	68	3	9	0,971	0,939
Tapolca	t136	510	77	7	9	1,000	0,979
Tapolca	t137			3	4	0,889	0,972
Tapolca	t138	613	155	3	7	0,978	0,935
Tapolca	t139	502	69	7	10		0,970
Tapolca	t140	626	152	4	7	0,980	0,978
Tapolca	t141	646	154	7	8	0,987	0,992
Tapolca	t142	527	41	7	8	0,989	0,848
Tapolca	t143	371	22	10	10	1,000	0,966
Tapolca	t144			7	8	0,986	1,000
Tapolca	t145	580	107	9	10	1,000	0,969
Tapolca	t146	426	30	5	8	1,000	0,991
Tapolca	t147	626	65	8	10	0,967	0,971
Tapolca	t148			4	8	0,951	0,959
Tapolca	t149	499	17	8	10	1,000	1,000
Tapolca	t150	333	12	5	8	0,962	
Tapolca	t151	365	16	8	9	0,978	0,994
Tapolca	t152			9	7	1,000	1,000
Tapolca	t153	601	72	9	9	0,989	1,000
Tapolca	t154	577	94	8	9	0,978	0,948
Tapolca	t155	476	102	6	5	0,989	0,978
Tapolca	t156	581	215	3	2	0,933	0,974
Tapolca	t157	484	113	5	6	1,000	0,964
Tapolca	t158	418	88	5	7	0,778	0,913
Tapolca	t159	554	203	0	2	0,950	1,000
Tapolca	t160	469	119	3	6	0,952	0,976
Tapolca	t161	526	17	6	9	0,928	0,966
Tapolca	t162	613	144	3	2	0,817	0,819
Tapolca	t163	317	58	4	4	0,986	0,921
Tapolca	t164	543	145	2	3	0,978	0,952
Tapolca	t165	442	21	8	8	0,867	0,983
Tapolca	t166	503	175	5	7	0,941	0,958
Tapolca	t167	471	165	7	6	0,757	0,889
Tapolca	t168	600	83	5	6	0,878	0,850
Tapolca	t169	463	183	1	2	0,924	0,558
Tapolca	t170			4	7	0,800	0,979
Tapolca	t171	452	28	3	8	0,944	1,000
Tapolca	t172	409	47	4	7	0,900	0,929
Tapolca	t173	348	44	7	6	0,778	0,968
Tapolca	t174	547	35	8	8	1,000	0,957
Tapolca	t175	514	24	7	10	0,944	0,871
Tapolca	t176	381	18	7	8	0,967	0,947
Tapolca	t177	470	117	4	6	1,000	0,956
Tapolca	t178	300	47	5	6	0,951	0,977
Tapolca	t179	528	61	8	8	0,778	0,895
Tapolca	t180	368	14	6	9	0,950	0,937
Tapolca	t181	413	62	5	6	0,911	0,913
Tapolca	t182	432	21	9	9	0,578	0,909
Tapolca	t183	294	86	7	6	0,627	0,791
Tapolca	t184	408	164	2	5	0,933	0,922
Tapolca	t185	398	38	6	7	0,878	
Tapolca	t186	408	37	6	7	0,867	0,733
Tapolca	t187	571	83	8	6	0,900	0,705
Tapolca	t188	374	94	3	3	0,880	0,911
Tapolca	t189	314	12	7	5	0,800	0,870
Tapolca	t190	435	92	7	8	0,772	0,809
Tapolca	t191	344	12	6	6	0,971	0,848
Tapolca	t192	403	26	6	6	0,917	0,905
Tapolca	t193	490	36	6	8	0,950	0,917
Tapolca	t194	310	16	2	5	0,795	0,841
Tapolca	t195	532	52	6	9	0,863	0,992
Tapolca	t196	456	67	4	8	0,892	0,887
Tapolca	t197	471	87	9	8	1,000	0,875
Tapolca	t198	525	181	2	8	0,639	0,882
Tapolca	t199	597	148	10	9	0,850	0,880
Tapolca	t200	504	75	3	6	0,863	0,802
Tapolca	t201	626	96	5	8	0,956	0,882
Tapolca	t202	445	12	8	8	0,987	0,929
Tapolca	t203	431	18	8	5	0,933	0,900
Tapolca	t204	491	27	4	9	0,989	0,900
Tapolca	t205	658	16	10	10	0,956	0,878
Tapolca	t206	615	173	8	9	0,956	0,873
Tapolca	t207	425	9	9	9	0,986	0,967
Tapolca	t208	417	27	10	9	0,925	0,833
Tapolca	t209	598	168	2	1		0,765
Tapolca	t210	148	13	6	6	0,707	0,789
Tapolca	t211	504	162	4	2	0,912	0,794
Tapolca	t212	584	5	6	10	0,978	0,913
Tapolca	t213	477	115	9	8	0,878	0,933
Tapolca	t214	448	36	8	10	0,956	0,778
Tapolca	t215	360	63	3	6	0,927	0,935
Tapolca	t216	429	75	7	5	0,939	0,975
Tapolca	t217	451	23	5	9	1,000	0,942
Tapolca	t218	442	33	6	8	0,844	0,923
Tapolca	t219	488	157	6	7	0,844	0,713
Tapolca	t220	548	102	4	7	0,796	0,941
Tapolca	t221	511	62	8	7	0,963	0,782
Tapolca	t222	299	22	5	8	0,900	0,816
Tapolca	t223	555	42	10	10	0,976	0,911
Tapolca	t224	534	40	5	9	0,950	0,901
Tapolca	t225	426	26	10	9	0,786	0,830
Tapolca	t226	419	31	8	8	0,953	0,867
Tapolca	t227	586	31	8	7	0,938	0,926
Tapolca	t228	637	41	5	7	0,843	0,616
Tapolca	t229	405	32	6	7	0,911	0,855
Tapolca	t230	582	65	7	8	0,922	0,859
Tapolca	t231	502	79	2	2	0,914	0,937
Tapolca	t232	489	37	4	5	0,960	0,805
Tapolca	t233	484	114	9	9	0,903	0,836
Tapolca	t234	495	27	8	10	0,956	0,831
Tapolca	t235	218	73	1	2	0,640	0,381
Tapolca	t236	221	70	2	3	0,867	0,675
Tapolca	t237	618	123	6	9	0,929	0,967
Tapolca	t238	342	103	5	9	0,982	0,800
Tapolca	t239	409	71	4	7	0,844	0,756
Tapolca	t240	402	138	3	5	0,950	0,560
Tapolca	t241			0	2	0,600	0,933
Tapolca	t242	283	133	1	2	0,800	0,781
Tapolca	t243	357	63	3	2	0,867	0,895
Tapolca	t244	304	29	7	8	0,979	0,988
Tapolca	t245	609	139	8	9	0,800	0,857
Tapolca	t246	633	86	9	8	0,922	0,989
Tapolca	t247	651	85	9	9	0,878	0,911
Tapolca	t248	537	183	9	8	0,853	0,822
